000001.jpg 40 74 98 98
000002.jpg 33 69 110 110
000003.jpg 216 59 91 126
000004.jpg 622 257 564 781
000005.jpg 32 64 114 114
000006.jpg 39 73 101 101
000007.jpg 34 70 108 108
000008.jpg 43 76 90 90
000009.jpg 36 73 104 104
000010.jpg 36 72 105 105
000011.jpg 34 69 107 107
000012.jpg 34 67 111 111
000013.jpg 31 70 114 114
000014.jpg 35 69 110 110
000015.jpg 37 72 103 103
000016.jpg 34 72 110 110
000017.jpg 31 68 115 115
000018.jpg 37 73 102 102
000019.jpg 43 78 93 93
000020.jpg 40 70 98 98
000021.jpg 39 73 96 96
000022.jpg 39 73 98 98
000023.jpg 34 68 107 107
000024.jpg 37 70 103 103
000025.jpg 34 68 109 109
000026.jpg 42 78 94 94
000027.jpg 40 72 99 99
000028.jpg 36 74 104 104
000029.jpg 33 68 111 111
000030.jpg 45 74 94 94
000031.jpg 31 68 117 117
000032.jpg 40 71 99 99
000033.jpg 39 72 100 100
000034.jpg 46 80 86 86
000035.jpg 37 71 103 103
000036.jpg 102 56 125 173
000037.jpg 43 75 95 95
000038.jpg 35 69 108 108
000039.jpg 41 73 97 97
000040.jpg 37 72 105 105
