000001.jpg 105 106 202 202
000002.jpg 65 116 229 229
000003.jpg 216 59 91 126
000004.jpg 622 257 564 781
000005.jpg 234 106 136 136
000006.jpg 158 107 147 147
000007.jpg 58 113 214 214
000008.jpg 221 135 172 172
000009.jpg 585 301 375 375
000010.jpg 115 127 214 214
000011.jpg 159 75 132 132
000012.jpg 100 43 107 107
000013.jpg 73 146 286 286
000014.jpg 103 143 250 250
000015.jpg 95 99 192 192
000016.jpg 40 131 278 278
000017.jpg 36 64 74 74
000018.jpg 41 204 57 57
000019.jpg 234 112 123 123
000020.jpg 89 67 202 202
000021.jpg 133 47 118 118
000022.jpg 132 45 105 105
000023.jpg 152 112 233 233
000024.jpg 753 127 114 158
000025.jpg 241 104 193 193
000026.jpg 63 65 97 97
000027.jpg 91 64 93 93
000028.jpg 121 53 177 177
000029.jpg 91 80 164 164
000030.jpg 189 251 310 310
000031.jpg 52 117 322 322
000032.jpg 154 85 176 176
000033.jpg 86 55 104 104
000034.jpg 189 63 82 82
000035.jpg 318 160 143 143
000036.jpg 102 56 125 173
000037.jpg 109 111 136 136
000038.jpg 119 118 255 255
000039.jpg 169 220 91 91
000040.jpg 94 106 160 160
000041.jpg 127 91 172 238
000042.jpg 83 115 184 184
000043.jpg 128 66 152 152
000044.jpg 788 803 858 858
000045.jpg 219 45 139 139
000046.jpg 130 73 113 113
